 1.80000000e+00  9.09464900e-02 
 1.81000000e+00  9.09464900e-02 
 1.82000000e+00  9.09464900e-02 
 1.83000000e+00  9.09464900e-02 
 1.84000000e+00  9.09464900e-02 
 1.85000000e+00  9.09464900e-02 
 1.86000000e+00  9.09464900e-02 
 1.87000000e+00  9.09464900e-02 
 1.88000000e+00  9.09464900e-02 
 1.89000000e+00  9.09464900e-02 
 1.90000000e+00  9.09464900e-02 
 1.91000000e+00  9.09464900e-02 
 1.92000000e+00  9.09464900e-02 
 1.93000000e+00  9.09464900e-02 
 1.94000000e+00  9.09464900e-02 
 1.95000000e+00  9.09464900e-02 
 1.96000000e+00  9.09464900e-02 
 1.97000000e+00  9.09464900e-02 
 1.98000000e+00  9.09464900e-02 
 1.99000000e+00  9.09464900e-02 
 2.00000000e+00  9.09464900e-02 
 2.01000000e+00  9.09464900e-02 
 2.02000000e+00  9.09464900e-02 
 2.03000000e+00  9.09464900e-02 
 2.04000000e+00  9.09464900e-02 
 2.05000000e+00  9.09464900e-02 
 2.06000000e+00  9.09464900e-02 
 2.07000000e+00  9.09464900e-02 
 2.08000000e+00  9.09464900e-02 
 2.09000000e+00  9.09464900e-02 
 2.10000000e+00  9.09464900e-02 
 2.11000000e+00  9.09464900e-02 
 2.12000000e+00  9.09464900e-02 
 2.13000000e+00  9.09464900e-02 
 2.14000000e+00  9.09464900e-02 
 2.15000000e+00  9.09464900e-02 
 2.16000000e+00  9.09464900e-02 
 2.17000000e+00  9.09464900e-02 
 2.18000000e+00  9.09464900e-02 
 2.19000000e+00  9.09464900e-02 
 2.20000000e+00  9.09464900e-02 
