 1.00000000e+00 -2.07426893e+01 
 1.01000000e+00 -1.87306017e+01 
 1.02000000e+00 -1.66819262e+01 
 1.03000000e+00 -1.46151676e+01 
 1.04000000e+00 -1.25147562e+01 
 1.05000000e+00 -1.03724027e+01 
 1.06000000e+00 -8.18089455e+00 
 1.07000000e+00 -5.94229269e+00 
 1.08000000e+00 -3.70025655e+00 
 1.09000000e+00 -1.59579724e+00 
 1.10000000e+00  1.02735530e-01 
 1.11000000e+00  6.59243589e-01 
 1.12000000e+00  7.38806906e-01 
 1.13000000e+00  7.95387368e-01 
 1.14000000e+00  8.46567718e-01 
 1.15000000e+00  8.96048458e-01 
 1.16000000e+00  9.43353953e-01 
 1.17000000e+00  9.86460485e-01 
 1.18000000e+00  1.02310728e+00 
 1.19000000e+00  1.05270750e+00 
 1.20000000e+00  1.07681275e+00 
 1.21000000e+00  1.09742276e+00 
 1.22000000e+00  1.11579697e+00 
 1.23000000e+00  1.13262257e+00 
 1.24000000e+00  1.14832330e+00 
 1.25000000e+00  1.16317698e+00 
 1.26000000e+00  1.17737221e+00 
 1.27000000e+00  1.19104197e+00 
 1.28000000e+00  1.20428326e+00 
 1.29000000e+00  1.21716883e+00 
 1.30000000e+00  1.22975462e+00 
 1.31000000e+00  1.24208451e+00 
 1.32000000e+00  1.25419352e+00 
 1.33000000e+00  1.26611002e+00 
 1.34000000e+00  1.27785730e+00 
 1.35000000e+00  1.28945465e+00 
 1.36000000e+00  1.30091826e+00 
 1.37000000e+00  1.31226175e+00 
 1.38000000e+00  1.32349674e+00 
 1.39000000e+00  1.33463316e+00 
 1.40000000e+00  1.34567951e+00 
 1.41000000e+00  1.35664317e+00 
 1.42000000e+00  1.36753050e+00 
 1.43000000e+00  1.37834702e+00 
 1.44000000e+00  1.38909754e+00 
 1.45000000e+00  1.39978622e+00 
 1.46000000e+00  1.41041668e+00 
 1.47000000e+00  1.42099203e+00 
 1.48000000e+00  1.43151497e+00 
 1.49000000e+00  1.44198779e+00 
 1.50000000e+00  1.45241242e+00 
 1.51000000e+00  1.46279046e+00 
 1.52000000e+00  1.47312320e+00 
 1.53000000e+00  1.48341163e+00 
 1.54000000e+00  1.49365646e+00 
 1.55000000e+00  1.50385812e+00 
 1.56000000e+00  1.51401676e+00 
 1.57000000e+00  1.52413227e+00 
 1.58000000e+00  1.53420423e+00 
 1.59000000e+00  1.54423194e+00 
 1.60000000e+00  1.55421437e+00 
 1.61000000e+00  1.56415019e+00 
 1.62000000e+00  1.57403766e+00 
 1.63000000e+00  1.58387466e+00 
 1.64000000e+00  1.59365865e+00 
 1.65000000e+00  1.60338656e+00 
 1.66000000e+00  1.61305476e+00 
 1.67000000e+00  1.62265901e+00 
 1.68000000e+00  1.63219432e+00 
 1.69000000e+00  1.64165486e+00 
 1.70000000e+00  1.65103383e+00 
 1.71000000e+00  1.66032329e+00 
 1.72000000e+00  1.66951401e+00 
 1.73000000e+00  1.67859519e+00 
 1.74000000e+00  1.68755427e+00 
 1.75000000e+00  1.69637658e+00 
 1.76000000e+00  1.70504503e+00 
 1.77000000e+00  1.71353972e+00 
 1.78000000e+00  1.72183754e+00 
 1.79000000e+00  1.72991178e+00 
 1.80000000e+00  1.73773174e+00 
 1.81000000e+00  1.74526248e+00 
 1.82000000e+00  1.75246483e+00 
 1.83000000e+00  1.75929568e+00 
 1.84000000e+00  1.76570896e+00 
 1.85000000e+00  1.77165740e+00 
 1.86000000e+00  1.77709521e+00 
 1.87000000e+00  1.78198193e+00 
 1.88000000e+00  1.78628701e+00 
 1.89000000e+00  1.78999470e+00 
 1.90000000e+00  1.79310823e+00 
 1.91000000e+00  1.79565211e+00 
 1.92000000e+00  1.79767169e+00 
 1.93000000e+00  1.79922935e+00 
 1.94000000e+00  1.80039789e+00 
 1.95000000e+00  1.80125249e+00 
 1.96000000e+00  1.80186327e+00 
 1.97000000e+00  1.80229025e+00 
 1.98000000e+00  1.80258136e+00 
 1.99000000e+00  1.80277302e+00 
 2.00000000e+00  1.80289206e+00 
 2.01000000e+00  1.80295798e+00 
 2.02000000e+00  1.80298496e+00 
 2.03000000e+00  1.80298344e+00 
 2.04000000e+00  1.80296120e+00 
 2.05000000e+00  1.80292415e+00 
 2.06000000e+00  1.80287679e+00 
 2.07000000e+00  1.80282261e+00 
 2.08000000e+00  1.80276432e+00 
 2.09000000e+00  1.80270397e+00 
 2.10000000e+00  1.80264316e+00 
 2.11000000e+00  1.80258306e+00 
 2.12000000e+00  1.80252452e+00 
 2.13000000e+00  1.80246817e+00 
 2.14000000e+00  1.80241439e+00 
 2.15000000e+00  1.80236345e+00 
 2.16000000e+00  1.80231547e+00 
 2.17000000e+00  1.80227048e+00 
 2.18000000e+00  1.80222847e+00 
 2.19000000e+00  1.80218935e+00 
 2.20000000e+00  1.80215302e+00 
 2.21000000e+00  1.80211935e+00 
 2.22000000e+00  1.80208819e+00 
 2.23000000e+00  1.80205940e+00 
 2.24000000e+00  1.80203282e+00 
 2.25000000e+00  1.80200832e+00 
 2.26000000e+00  1.80198574e+00 
 2.27000000e+00  1.80196495e+00 
 2.28000000e+00  1.80194583e+00 
 2.29000000e+00  1.80192825e+00 
 2.30000000e+00  1.80191209e+00 
 2.31000000e+00  1.80189726e+00 
 2.32000000e+00  1.80188365e+00 
 2.33000000e+00  1.80187117e+00 
 2.34000000e+00  1.80185975e+00 
 2.35000000e+00  1.80184929e+00 
 2.36000000e+00  1.80183973e+00 
 2.37000000e+00  1.80183101e+00 
 2.38000000e+00  1.80182305e+00 
 2.39000000e+00  1.80181582e+00 
 2.40000000e+00  1.80180925e+00 
 2.41000000e+00  1.80180331e+00 
 2.42000000e+00  1.80179794e+00 
 2.43000000e+00  1.80179310e+00 
 2.44000000e+00  1.80178876e+00 
 2.45000000e+00  1.80178489e+00 
 2.46000000e+00  1.80178145e+00 
 2.47000000e+00  1.80177842e+00 
 2.48000000e+00  1.80177577e+00 
 2.49000000e+00  1.80177346e+00 
 2.50000000e+00  1.80177149e+00 
 2.51000000e+00  1.80176983e+00 
 2.52000000e+00  1.80176846e+00 
 2.53000000e+00  1.80176736e+00 
 2.54000000e+00  1.80176652e+00 
 2.55000000e+00  1.80176592e+00 
 2.56000000e+00  1.80176554e+00 
 2.57000000e+00  1.80176537e+00 
 2.58000000e+00  1.80176540e+00 
 2.59000000e+00  1.80176562e+00 
 2.60000000e+00  1.80176602e+00 
 2.61000000e+00  1.80176658e+00 
 2.62000000e+00  1.80176730e+00 
 2.63000000e+00  1.80176816e+00 
 2.64000000e+00  1.80176917e+00 
 2.65000000e+00  1.80177031e+00 
 2.66000000e+00  1.80177157e+00 
 2.67000000e+00  1.80177295e+00 
 2.68000000e+00  1.80177445e+00 
 2.69000000e+00  1.80177605e+00 
 2.70000000e+00  1.80177774e+00 
 2.71000000e+00  1.80177954e+00 
 2.72000000e+00  1.80178142e+00 
 2.73000000e+00  1.80178339e+00 
 2.74000000e+00  1.80178544e+00 
 2.75000000e+00  1.80178756e+00 
 2.76000000e+00  1.80178976e+00 
 2.77000000e+00  1.80179203e+00 
 2.78000000e+00  1.80179437e+00 
 2.79000000e+00  1.80179676e+00 
 2.80000000e+00  1.80179922e+00 
 2.81000000e+00  1.80180173e+00 
 2.82000000e+00  1.80180430e+00 
 2.83000000e+00  1.80180692e+00 
 2.84000000e+00  1.80180958e+00 
 2.85000000e+00  1.80181230e+00 
 2.86000000e+00  1.80181506e+00 
 2.87000000e+00  1.80181786e+00 
 2.88000000e+00  1.80182070e+00 
 2.89000000e+00  1.80182358e+00 
 2.90000000e+00  1.80182650e+00 
 2.91000000e+00  1.80182946e+00 
 2.92000000e+00  1.80183245e+00 
 2.93000000e+00  1.80183547e+00 
 2.94000000e+00  1.80183852e+00 
 2.95000000e+00  1.80184161e+00 
 2.96000000e+00  1.80184472e+00 
 2.97000000e+00  1.80184786e+00 
 2.98000000e+00  1.80185103e+00 
 2.99000000e+00  1.80185423e+00 
 3.00000000e+00  1.80185745e+00 
