 1.00000000e+00  9.99691451e-01 
 1.01000000e+00  1.00971938e+00 
 1.02000000e+00  1.01974383e+00 
 1.03000000e+00  1.02976528e+00 
 1.04000000e+00  1.03978416e+00 
 1.05000000e+00  1.04980082e+00 
 1.06000000e+00  1.05981555e+00 
 1.07000000e+00  1.06982863e+00 
 1.08000000e+00  1.07984026e+00 
 1.09000000e+00  1.08985064e+00 
 1.10000000e+00  1.09985992e+00 
 1.11000000e+00  1.10986824e+00 
 1.12000000e+00  1.11987572e+00 
 1.13000000e+00  1.12988246e+00 
 1.14000000e+00  1.13988856e+00 
 1.15000000e+00  1.14989408e+00 
 1.16000000e+00  1.15989909e+00 
 1.17000000e+00  1.16990365e+00 
 1.18000000e+00  1.17990780e+00 
 1.19000000e+00  1.18991160e+00 
 1.20000000e+00  1.19991508e+00 
 1.21000000e+00  1.20991827e+00 
 1.22000000e+00  1.21992120e+00 
 1.23000000e+00  1.22992390e+00 
 1.24000000e+00  1.23992639e+00 
 1.25000000e+00  1.24992869e+00 
 1.26000000e+00  1.25993082e+00 
 1.27000000e+00  1.26993278e+00 
 1.28000000e+00  1.27993461e+00 
 1.29000000e+00  1.28993630e+00 
 1.30000000e+00  1.29993787e+00 
 1.31000000e+00  1.30993933e+00 
 1.32000000e+00  1.31994069e+00 
 1.33000000e+00  1.32994195e+00 
 1.34000000e+00  1.33994312e+00 
 1.35000000e+00  1.34994422e+00 
 1.36000000e+00  1.35994523e+00 
 1.37000000e+00  1.36994618e+00 
 1.38000000e+00  1.37994706e+00 
 1.39000000e+00  1.38994787e+00 
 1.40000000e+00  1.39994863e+00 
 1.41000000e+00  1.40994933e+00 
 1.42000000e+00  1.41994998e+00 
 1.43000000e+00  1.42995057e+00 
 1.44000000e+00  1.43995112e+00 
 1.45000000e+00  1.44995162e+00 
 1.46000000e+00  1.45995207e+00 
 1.47000000e+00  1.46995248e+00 
 1.48000000e+00  1.47995284e+00 
 1.49000000e+00  1.48995317e+00 
 1.50000000e+00  1.49995345e+00 
 1.51000000e+00  1.50995369e+00 
 1.52000000e+00  1.51995389e+00 
 1.53000000e+00  1.52995404e+00 
 1.54000000e+00  1.53995416e+00 
 1.55000000e+00  1.54995423e+00 
 1.56000000e+00  1.55995426e+00 
 1.57000000e+00  1.56995424e+00 
 1.58000000e+00  1.57995417e+00 
 1.59000000e+00  1.58995406e+00 
 1.60000000e+00  1.59995389e+00 
 1.61000000e+00  1.60995367e+00 
 1.62000000e+00  1.61995339e+00 
 1.63000000e+00  1.62995304e+00 
 1.64000000e+00  1.63995263e+00 
 1.65000000e+00  1.64995214e+00 
 1.66000000e+00  1.65995156e+00 
 1.67000000e+00  1.66995090e+00 
 1.68000000e+00  1.67995012e+00 
 1.69000000e+00  1.68994923e+00 
 1.70000000e+00  1.69994821e+00 
 1.71000000e+00  1.70994702e+00 
 1.72000000e+00  1.71994565e+00 
 1.73000000e+00  1.72994407e+00 
 1.74000000e+00  1.73994222e+00 
 1.75000000e+00  1.74994007e+00 
 1.76000000e+00  1.75993752e+00 
 1.77000000e+00  1.76993450e+00 
 1.78000000e+00  1.77993086e+00 
 1.79000000e+00  1.78992643e+00 
 1.80000000e+00  1.79992094e+00 
 1.81000000e+00  1.80991400e+00 
 1.82000000e+00  1.81990500e+00 
 1.83000000e+00  1.82989295e+00 
 1.84000000e+00  1.83987616e+00 
 1.85000000e+00  1.84985149e+00 
 1.86000000e+00  1.85981262e+00 
 1.87000000e+00  1.86974540e+00 
 1.88000000e+00  1.87961365e+00 
 1.89000000e+00  1.88931066e+00 
 1.90000000e+00  1.89847353e+00 
 1.91000000e+00  1.90577574e+00 
 1.92000000e+00  1.90883574e+00 
 1.93000000e+00  1.90798902e+00 
 1.94000000e+00  1.90492465e+00 
 1.95000000e+00  1.90078957e+00 
 1.96000000e+00  1.89655760e+00 
 1.97000000e+00  1.89231100e+00 
 1.98000000e+00  1.88825216e+00 
 1.99000000e+00  1.88441641e+00 
 2.00000000e+00  1.88081828e+00 
 2.01000000e+00  1.87745664e+00 
 2.02000000e+00  1.87432525e+00 
 2.03000000e+00  1.87141547e+00 
 2.04000000e+00  1.86871741e+00 
 2.05000000e+00  1.86622050e+00 
 2.06000000e+00  1.86391369e+00 
 2.07000000e+00  1.86178570e+00 
 2.08000000e+00  1.85982510e+00 
 2.09000000e+00  1.85802050e+00 
 2.10000000e+00  1.85636063e+00 
 2.11000000e+00  1.85483451e+00 
 2.12000000e+00  1.85343153e+00 
 2.13000000e+00  1.85214154e+00 
 2.14000000e+00  1.85095496e+00 
 2.15000000e+00  1.84986278e+00 
 2.16000000e+00  1.84885663e+00 
 2.17000000e+00  1.84792879e+00 
 2.18000000e+00  1.84707214e+00 
 2.19000000e+00  1.84628020e+00 
 2.20000000e+00  1.84554706e+00 
 2.21000000e+00  1.84486738e+00 
 2.22000000e+00  1.84423630e+00 
 2.23000000e+00  1.84364946e+00 
 2.24000000e+00  1.84310291e+00 
 2.25000000e+00  1.84259310e+00 
 2.26000000e+00  1.84211683e+00 
 2.27000000e+00  1.84167123e+00 
 2.28000000e+00  1.84125370e+00 
 2.29000000e+00  1.84086191e+00 
 2.30000000e+00  1.84049374e+00 
 2.31000000e+00  1.84014729e+00 
 2.32000000e+00  1.83982085e+00 
 2.33000000e+00  1.83951286e+00 
 2.34000000e+00  1.83922191e+00 
 2.35000000e+00  1.83894672e+00 
 2.36000000e+00  1.83868613e+00 
 2.37000000e+00  1.83843910e+00 
 2.38000000e+00  1.83820464e+00 
 2.39000000e+00  1.83798190e+00 
 2.40000000e+00  1.83777007e+00 
 2.41000000e+00  1.83756841e+00 
 2.42000000e+00  1.83737626e+00 
 2.43000000e+00  1.83719300e+00 
 2.44000000e+00  1.83701807e+00 
 2.45000000e+00  1.83685094e+00 
 2.46000000e+00  1.83669114e+00 
 2.47000000e+00  1.83653822e+00 
 2.48000000e+00  1.83639178e+00 
 2.49000000e+00  1.83625143e+00 
 2.50000000e+00  1.83611684e+00 
 2.51000000e+00  1.83598767e+00 
 2.52000000e+00  1.83586363e+00 
 2.53000000e+00  1.83574444e+00 
 2.54000000e+00  1.83562984e+00 
 2.55000000e+00  1.83551958e+00 
 2.56000000e+00  1.83541344e+00 
 2.57000000e+00  1.83531122e+00 
 2.58000000e+00  1.83521271e+00 
 2.59000000e+00  1.83511773e+00 
 2.60000000e+00  1.83502612e+00 
 2.61000000e+00  1.83493770e+00 
 2.62000000e+00  1.83485234e+00 
 2.63000000e+00  1.83476988e+00 
 2.64000000e+00  1.83469020e+00 
 2.65000000e+00  1.83461318e+00 
 2.66000000e+00  1.83453869e+00 
 2.67000000e+00  1.83446663e+00 
 2.68000000e+00  1.83439690e+00 
 2.69000000e+00  1.83432939e+00 
 2.70000000e+00  1.83426401e+00 
 2.71000000e+00  1.83420069e+00 
 2.72000000e+00  1.83413934e+00 
 2.73000000e+00  1.83407987e+00 
 2.74000000e+00  1.83402223e+00 
 2.75000000e+00  1.83396634e+00 
 2.76000000e+00  1.83391214e+00 
 2.77000000e+00  1.83385957e+00 
 2.78000000e+00  1.83380857e+00 
 2.79000000e+00  1.83375909e+00 
 2.80000000e+00  1.83371107e+00 
 2.81000000e+00  1.83366447e+00 
 2.82000000e+00  1.83361925e+00 
 2.83000000e+00  1.83357536e+00 
 2.84000000e+00  1.83353277e+00 
 2.85000000e+00  1.83349143e+00 
 2.86000000e+00  1.83345131e+00 
 2.87000000e+00  1.83341237e+00 
 2.88000000e+00  1.83337459e+00 
 2.89000000e+00  1.83333794e+00 
 2.90000000e+00  1.83330239e+00 
 2.91000000e+00  1.83326791e+00 
 2.92000000e+00  1.83323449e+00 
 2.93000000e+00  1.83320209e+00 
 2.94000000e+00  1.83317070e+00 
 2.95000000e+00  1.83314029e+00 
 2.96000000e+00  1.83311086e+00 
 2.97000000e+00  1.83308238e+00 
 2.98000000e+00  1.83305484e+00 
 2.99000000e+00  1.83302822e+00 
 3.00000000e+00  1.83300252e+00 
