-4.00000000e+01  3.71008400e-08 -4.00000000e+01  4.01760360e-01 -4.00000000e+01 -1.95000000e-05 
-3.90000000e+01  3.71008400e-08 -3.90000000e+01  4.01760360e-01 -3.90000000e+01 -1.95000000e-05 
-3.80000000e+01  3.71008400e-08 -3.80000000e+01  4.01760360e-01 -3.80000000e+01 -1.95000000e-05 
-3.70000000e+01  3.71008400e-08 -3.70000000e+01  4.01760360e-01 -3.70000000e+01 -1.95000000e-05 
-3.60000000e+01  3.71008400e-08 -3.60000000e+01  4.01760360e-01 -3.60000000e+01 -1.95000000e-05 
-3.50000000e+01  3.71008400e-08 -3.50000000e+01  4.01760360e-01 -3.50000000e+01 -1.95000000e-05 
-3.40000000e+01  3.71008400e-08 -3.40000000e+01  4.01760360e-01 -3.40000000e+01 -1.95000000e-05 
-3.30000000e+01  3.71008400e-08 -3.30000000e+01  4.01760360e-01 -3.30000000e+01 -1.95000000e-05 
-3.20000000e+01  3.71008400e-08 -3.20000000e+01  4.01760360e-01 -3.20000000e+01 -1.95000000e-05 
-3.10000000e+01  3.71008400e-08 -3.10000000e+01  4.01760360e-01 -3.10000000e+01 -1.95000000e-05 
-3.00000000e+01  3.71008400e-08 -3.00000000e+01  4.01760360e-01 -3.00000000e+01 -1.95000000e-05 
-2.90000000e+01  3.71008400e-08 -2.90000000e+01  4.01760360e-01 -2.90000000e+01 -1.95000000e-05 
-2.80000000e+01  3.71008400e-08 -2.80000000e+01  4.01760360e-01 -2.80000000e+01 -1.95000000e-05 
-2.70000000e+01  3.71008400e-08 -2.70000000e+01  4.01760360e-01 -2.70000000e+01 -1.95000000e-05 
-2.60000000e+01  3.71008400e-08 -2.60000000e+01  4.01760360e-01 -2.60000000e+01 -1.95000000e-05 
-2.50000000e+01  3.71008400e-08 -2.50000000e+01  4.01760360e-01 -2.50000000e+01 -1.95000000e-05 
-2.40000000e+01  3.71008400e-08 -2.40000000e+01  4.01760360e-01 -2.40000000e+01 -1.95000000e-05 
-2.30000000e+01  3.71008400e-08 -2.30000000e+01  4.01760360e-01 -2.30000000e+01 -1.95000000e-05 
-2.20000000e+01  3.71008400e-08 -2.20000000e+01  4.01760360e-01 -2.20000000e+01 -1.95000000e-05 
-2.10000000e+01  3.71008400e-08 -2.10000000e+01  4.01760360e-01 -2.10000000e+01 -1.95000000e-05 
-2.00000000e+01  3.71008400e-08 -2.00000000e+01  4.01760360e-01 -2.00000000e+01 -1.95000000e-05 
-1.90000000e+01  3.71008400e-08 -1.90000000e+01  4.01760360e-01 -1.90000000e+01 -1.95000000e-05 
-1.80000000e+01  3.71008400e-08 -1.80000000e+01  4.01760360e-01 -1.80000000e+01 -1.95000000e-05 
-1.70000000e+01  3.71008400e-08 -1.70000000e+01  4.01760360e-01 -1.70000000e+01 -1.95000000e-05 
-1.60000000e+01  3.71008400e-08 -1.60000000e+01  4.01760360e-01 -1.60000000e+01 -1.95000000e-05 
-1.50000000e+01  3.71008400e-08 -1.50000000e+01  4.01760360e-01 -1.50000000e+01 -1.95000000e-05 
-1.40000000e+01  3.71008400e-08 -1.40000000e+01  4.01760360e-01 -1.40000000e+01 -1.95000000e-05 
-1.30000000e+01  3.71008400e-08 -1.30000000e+01  4.01760360e-01 -1.30000000e+01 -1.95000000e-05 
-1.20000000e+01  3.71008400e-08 -1.20000000e+01  4.01760360e-01 -1.20000000e+01 -1.95000000e-05 
-1.10000000e+01  3.71008400e-08 -1.10000000e+01  4.01760360e-01 -1.10000000e+01 -1.95000000e-05 
-1.00000000e+01  3.71008400e-08 -1.00000000e+01  4.01760360e-01 -1.00000000e+01 -1.95000000e-05 
-9.00000000e+00  3.71008400e-08 -9.00000000e+00  4.01760360e-01 -9.00000000e+00 -1.95000000e-05 
-8.00000000e+00  3.71008400e-08 -8.00000000e+00  4.01760360e-01 -8.00000000e+00 -1.95000000e-05 
-7.00000000e+00  3.71008400e-08 -7.00000000e+00  4.01760360e-01 -7.00000000e+00 -1.95000000e-05 
-6.00000000e+00  3.71008400e-08 -6.00000000e+00  4.01760360e-01 -6.00000000e+00 -1.95000000e-05 
-5.00000000e+00  3.71008400e-08 -5.00000000e+00  4.01760360e-01 -5.00000000e+00 -1.95000000e-05 
-4.00000000e+00  3.71008400e-08 -4.00000000e+00  4.01760360e-01 -4.00000000e+00 -1.95000000e-05 
-3.00000000e+00  3.71008400e-08 -3.00000000e+00  4.01760360e-01 -3.00000000e+00 -1.95000000e-05 
-2.00000000e+00  3.71008400e-08 -2.00000000e+00  4.01760360e-01 -2.00000000e+00 -1.95000000e-05 
-1.00000000e+00  3.71008400e-08 -1.00000000e+00  4.01760360e-01 -1.00000000e+00 -1.95000000e-05 
 0.00000000e+00  3.71008400e-08  0.00000000e+00  4.01760360e-01  0.00000000e+00 -1.95000000e-05 
 1.00000000e+00  3.71008400e-08  1.00000000e+00  4.01760360e-01  1.00000000e+00 -1.95000000e-05 
 2.00000000e+00  3.71008400e-08  2.00000000e+00  4.01760360e-01  2.00000000e+00 -1.95000000e-05 
 3.00000000e+00  3.71008400e-08  3.00000000e+00  4.01760360e-01  3.00000000e+00 -1.95000000e-05 
 4.00000000e+00  3.71008400e-08  4.00000000e+00  4.01760360e-01  4.00000000e+00 -1.95000000e-05 
 5.00000000e+00  3.71008400e-08  5.00000000e+00  4.01760360e-01  5.00000000e+00 -1.95000000e-05 
 6.00000000e+00  3.71008400e-08  6.00000000e+00  4.01760360e-01  6.00000000e+00 -1.95000000e-05 
 7.00000000e+00  3.71008400e-08  7.00000000e+00  4.01760360e-01  7.00000000e+00 -1.95000000e-05 
 8.00000000e+00  3.71008400e-08  8.00000000e+00  4.01760360e-01  8.00000000e+00 -1.95000000e-05 
 9.00000000e+00  3.71008400e-08  9.00000000e+00  4.01760360e-01  9.00000000e+00 -1.95000000e-05 
 1.00000000e+01  3.71008400e-08  1.00000000e+01  4.01760360e-01  1.00000000e+01 -1.95000000e-05 
 1.10000000e+01  3.71008400e-08  1.10000000e+01  4.01760360e-01  1.10000000e+01 -1.95000000e-05 
 1.20000000e+01  3.71008400e-08  1.20000000e+01  4.01760360e-01  1.20000000e+01 -1.95000000e-05 
 1.30000000e+01  3.71008400e-08  1.30000000e+01  4.01760360e-01  1.30000000e+01 -1.95000000e-05 
 1.40000000e+01  3.71008400e-08  1.40000000e+01  4.01760360e-01  1.40000000e+01 -1.95000000e-05 
 1.50000000e+01  3.71008400e-08  1.50000000e+01  4.01760360e-01  1.50000000e+01 -1.95000000e-05 
 1.60000000e+01  3.71008400e-08  1.60000000e+01  4.01760360e-01  1.60000000e+01 -1.95000000e-05 
 1.70000000e+01  3.71008400e-08  1.70000000e+01  4.01760360e-01  1.70000000e+01 -1.95000000e-05 
 1.80000000e+01  3.71008400e-08  1.80000000e+01  4.01760360e-01  1.80000000e+01 -1.95000000e-05 
 1.90000000e+01  3.71008400e-08  1.90000000e+01  4.01760360e-01  1.90000000e+01 -1.95000000e-05 
 2.00000000e+01  3.71008400e-08  2.00000000e+01  4.01760360e-01  2.00000000e+01 -1.95000000e-05 
 2.10000000e+01  3.71008400e-08  2.10000000e+01  4.01760360e-01  2.10000000e+01 -1.95000000e-05 
 2.20000000e+01  3.71008400e-08  2.20000000e+01  4.01760360e-01  2.20000000e+01 -1.95000000e-05 
 2.30000000e+01  3.71008400e-08  2.30000000e+01  4.01760360e-01  2.30000000e+01 -1.95000000e-05 
 2.40000000e+01  3.71008400e-08  2.40000000e+01  4.01760360e-01  2.40000000e+01 -1.95000000e-05 
 2.50000000e+01  3.71008400e-08  2.50000000e+01  4.01760360e-01  2.50000000e+01 -1.95000000e-05 
 2.60000000e+01  3.71008400e-08  2.60000000e+01  4.01760360e-01  2.60000000e+01 -1.95000000e-05 
 2.70000000e+01  3.71008400e-08  2.70000000e+01  4.01760360e-01  2.70000000e+01 -1.95000000e-05 
 2.80000000e+01  3.71008400e-08  2.80000000e+01  4.01760360e-01  2.80000000e+01 -1.95000000e-05 
 2.90000000e+01  3.71008400e-08  2.90000000e+01  4.01760360e-01  2.90000000e+01 -1.95000000e-05 
 3.00000000e+01  3.71008400e-08  3.00000000e+01  4.01760360e-01  3.00000000e+01 -1.95000000e-05 
 3.10000000e+01  3.71008400e-08  3.10000000e+01  4.01760360e-01  3.10000000e+01 -1.95000000e-05 
 3.20000000e+01  3.71008400e-08  3.20000000e+01  4.01760360e-01  3.20000000e+01 -1.95000000e-05 
 3.30000000e+01  3.71008400e-08  3.30000000e+01  4.01760360e-01  3.30000000e+01 -1.95000000e-05 
 3.40000000e+01  3.71008400e-08  3.40000000e+01  4.01760360e-01  3.40000000e+01 -1.95000000e-05 
 3.50000000e+01  3.71008400e-08  3.50000000e+01  4.01760360e-01  3.50000000e+01 -1.95000000e-05 
 3.60000000e+01  3.71008400e-08  3.60000000e+01  4.01760360e-01  3.60000000e+01 -1.95000000e-05 
 3.70000000e+01  3.71008400e-08  3.70000000e+01  4.01760360e-01  3.70000000e+01 -1.95000000e-05 
 3.80000000e+01  3.71008400e-08  3.80000000e+01  4.01760360e-01  3.80000000e+01 -1.95000000e-05 
 3.90000000e+01  3.71008400e-08  3.90000000e+01  4.01760360e-01  3.90000000e+01 -1.95000000e-05 
 4.00000000e+01  3.71008400e-08  4.00000000e+01  4.01760360e-01  4.00000000e+01 -1.95000000e-05 
 4.10000000e+01  3.71008400e-08  4.10000000e+01  4.01760360e-01  4.10000000e+01 -1.95000000e-05 
 4.20000000e+01  3.71008400e-08  4.20000000e+01  4.01760360e-01  4.20000000e+01 -1.95000000e-05 
 4.30000000e+01  3.71008400e-08  4.30000000e+01  4.01760360e-01  4.30000000e+01 -1.95000000e-05 
 4.40000000e+01  3.71008400e-08  4.40000000e+01  4.01760360e-01  4.40000000e+01 -1.95000000e-05 
 4.50000000e+01  3.71008400e-08  4.50000000e+01  4.01760360e-01  4.50000000e+01 -1.95000000e-05 
 4.60000000e+01  3.71008400e-08  4.60000000e+01  4.01760360e-01  4.60000000e+01 -1.95000000e-05 
 4.70000000e+01  3.71008400e-08  4.70000000e+01  4.01760360e-01  4.70000000e+01 -1.95000000e-05 
 4.80000000e+01  3.71008400e-08  4.80000000e+01  4.01760360e-01  4.80000000e+01 -1.95000000e-05 
 4.90000000e+01  3.71008400e-08  4.90000000e+01  4.01760360e-01  4.90000000e+01 -1.95000000e-05 
 5.00000000e+01  3.71008400e-08  5.00000000e+01  4.01760360e-01  5.00000000e+01 -1.95000000e-05 
 5.10000000e+01  3.71008400e-08  5.10000000e+01  4.01760360e-01  5.10000000e+01 -1.95000000e-05 
 5.20000000e+01  3.71008400e-08  5.20000000e+01  4.01760360e-01  5.20000000e+01 -1.95000000e-05 
 5.30000000e+01  3.71008400e-08  5.30000000e+01  4.01760360e-01  5.30000000e+01 -1.95000000e-05 
 5.40000000e+01  3.71008400e-08  5.40000000e+01  4.01760360e-01  5.40000000e+01 -1.95000000e-05 
 5.50000000e+01  3.71008400e-08  5.50000000e+01  4.01760360e-01  5.50000000e+01 -1.95000000e-05 
 5.60000000e+01  3.71008400e-08  5.60000000e+01  4.01760360e-01  5.60000000e+01 -1.95000000e-05 
 5.70000000e+01  3.71008400e-08  5.70000000e+01  4.01760360e-01  5.70000000e+01 -1.95000000e-05 
 5.80000000e+01  3.71008400e-08  5.80000000e+01  4.01760360e-01  5.80000000e+01 -1.95000000e-05 
 5.90000000e+01  3.71008400e-08  5.90000000e+01  4.01760360e-01  5.90000000e+01 -1.95000000e-05 
 6.00000000e+01  3.71008400e-08  6.00000000e+01  4.01760360e-01  6.00000000e+01 -1.95000000e-05 
 6.10000000e+01  3.71008400e-08  6.10000000e+01  4.01760360e-01  6.10000000e+01 -1.95000000e-05 
 6.20000000e+01  3.71008400e-08  6.20000000e+01  4.01760360e-01  6.20000000e+01 -1.95000000e-05 
 6.30000000e+01  3.71008400e-08  6.30000000e+01  4.01760360e-01  6.30000000e+01 -1.95000000e-05 
 6.40000000e+01  3.71008400e-08  6.40000000e+01  4.01760360e-01  6.40000000e+01 -1.95000000e-05 
 6.50000000e+01  3.71008400e-08  6.50000000e+01  4.01760360e-01  6.50000000e+01 -1.95000000e-05 
 6.60000000e+01  3.71008400e-08  6.60000000e+01  4.01760360e-01  6.60000000e+01 -1.95000000e-05 
 6.70000000e+01  3.71008400e-08  6.70000000e+01  4.01760360e-01  6.70000000e+01 -1.95000000e-05 
 6.80000000e+01  3.71008400e-08  6.80000000e+01  4.01760360e-01  6.80000000e+01 -1.95000000e-05 
 6.90000000e+01  3.71008400e-08  6.90000000e+01  4.01760360e-01  6.90000000e+01 -1.95000000e-05 
 7.00000000e+01  3.71008400e-08  7.00000000e+01  4.01760360e-01  7.00000000e+01 -1.95000000e-05 
 7.10000000e+01  3.71008400e-08  7.10000000e+01  4.01760360e-01  7.10000000e+01 -1.95000000e-05 
 7.20000000e+01  3.71008400e-08  7.20000000e+01  4.01760360e-01  7.20000000e+01 -1.95000000e-05 
 7.30000000e+01  3.71008400e-08  7.30000000e+01  4.01760360e-01  7.30000000e+01 -1.95000000e-05 
 7.40000000e+01  3.71008400e-08  7.40000000e+01  4.01760360e-01  7.40000000e+01 -1.95000000e-05 
 7.50000000e+01  3.71008400e-08  7.50000000e+01  4.01760360e-01  7.50000000e+01 -1.95000000e-05 
 7.60000000e+01  3.71008400e-08  7.60000000e+01  4.01760360e-01  7.60000000e+01 -1.95000000e-05 
 7.70000000e+01  3.71008400e-08  7.70000000e+01  4.01760360e-01  7.70000000e+01 -1.95000000e-05 
 7.80000000e+01  3.71008400e-08  7.80000000e+01  4.01760360e-01  7.80000000e+01 -1.95000000e-05 
 7.90000000e+01  3.71008400e-08  7.90000000e+01  4.01760360e-01  7.90000000e+01 -1.95000000e-05 
 8.00000000e+01  3.71008400e-08  8.00000000e+01  4.01760360e-01  8.00000000e+01 -1.95000000e-05 
 8.10000000e+01  3.71008400e-08  8.10000000e+01  4.01760360e-01  8.10000000e+01 -1.95000000e-05 
 8.20000000e+01  3.71008400e-08  8.20000000e+01  4.01760360e-01  8.20000000e+01 -1.95000000e-05 
 8.30000000e+01  3.71008400e-08  8.30000000e+01  4.01760360e-01  8.30000000e+01 -1.95000000e-05 
 8.40000000e+01  3.71008400e-08  8.40000000e+01  4.01760360e-01  8.40000000e+01 -1.95000000e-05 
 8.50000000e+01  3.71008400e-08  8.50000000e+01  4.01760360e-01  8.50000000e+01 -1.95000000e-05 
 8.60000000e+01  3.71008400e-08  8.60000000e+01  4.01760360e-01  8.60000000e+01 -1.95000000e-05 
 8.70000000e+01  3.71008400e-08  8.70000000e+01  4.01760360e-01  8.70000000e+01 -1.95000000e-05 
 8.80000000e+01  3.71008400e-08  8.80000000e+01  4.01760360e-01  8.80000000e+01 -1.95000000e-05 
 8.90000000e+01  3.71008400e-08  8.90000000e+01  4.01760360e-01  8.90000000e+01 -1.95000000e-05 
 9.00000000e+01  3.71008400e-08  9.00000000e+01  4.01760360e-01  9.00000000e+01 -1.95000000e-05 
 9.10000000e+01  3.71008400e-08  9.10000000e+01  4.01760360e-01  9.10000000e+01 -1.95000000e-05 
 9.20000000e+01  3.71008400e-08  9.20000000e+01  4.01760360e-01  9.20000000e+01 -1.95000000e-05 
 9.30000000e+01  3.71008400e-08  9.30000000e+01  4.01760360e-01  9.30000000e+01 -1.95000000e-05 
 9.40000000e+01  3.71008400e-08  9.40000000e+01  4.01760360e-01  9.40000000e+01 -1.95000000e-05 
 9.50000000e+01  3.71008400e-08  9.50000000e+01  4.01760360e-01  9.50000000e+01 -1.95000000e-05 
 9.60000000e+01  3.71008400e-08  9.60000000e+01  4.01760360e-01  9.60000000e+01 -1.95000000e-05 
 9.70000000e+01  3.71008400e-08  9.70000000e+01  4.01760360e-01  9.70000000e+01 -1.95000000e-05 
 9.80000000e+01  3.71008400e-08  9.80000000e+01  4.01760360e-01  9.80000000e+01 -1.95000000e-05 
 9.90000000e+01  3.71008400e-08  9.90000000e+01  4.01760360e-01  9.90000000e+01 -1.95000000e-05 
 1.00000000e+02  3.71008400e-08  1.00000000e+02  4.01760360e-01  1.00000000e+02 -1.95000000e-05 
 1.01000000e+02  3.71008400e-08  1.01000000e+02  4.01760360e-01  1.01000000e+02 -1.95000000e-05 
 1.02000000e+02  3.71008400e-08  1.02000000e+02  4.01760360e-01  1.02000000e+02 -1.95000000e-05 
 1.03000000e+02  3.71008400e-08  1.03000000e+02  4.01760360e-01  1.03000000e+02 -1.95000000e-05 
 1.04000000e+02  3.71008400e-08  1.04000000e+02  4.01760360e-01  1.04000000e+02 -1.95000000e-05 
 1.05000000e+02  3.71008400e-08  1.05000000e+02  4.01760360e-01  1.05000000e+02 -1.95000000e-05 
 1.06000000e+02  3.71008400e-08  1.06000000e+02  4.01760360e-01  1.06000000e+02 -1.95000000e-05 
 1.07000000e+02  3.71008400e-08  1.07000000e+02  4.01760360e-01  1.07000000e+02 -1.95000000e-05 
 1.08000000e+02  3.71008400e-08  1.08000000e+02  4.01760360e-01  1.08000000e+02 -1.95000000e-05 
 1.09000000e+02  3.71008400e-08  1.09000000e+02  4.01760360e-01  1.09000000e+02 -1.95000000e-05 
 1.10000000e+02  3.71008400e-08  1.10000000e+02  4.01760360e-01  1.10000000e+02 -1.95000000e-05 
 1.11000000e+02  3.71008400e-08  1.11000000e+02  4.01760360e-01  1.11000000e+02 -1.95000000e-05 
 1.12000000e+02  3.71008400e-08  1.12000000e+02  4.01760360e-01  1.12000000e+02 -1.95000000e-05 
 1.13000000e+02  3.71008400e-08  1.13000000e+02  4.01760360e-01  1.13000000e+02 -1.95000000e-05 
 1.14000000e+02  3.71008400e-08  1.14000000e+02  4.01760360e-01  1.14000000e+02 -1.95000000e-05 
 1.15000000e+02  3.71008400e-08  1.15000000e+02  4.01760360e-01  1.15000000e+02 -1.95000000e-05 
 1.16000000e+02  3.71008400e-08  1.16000000e+02  4.01760360e-01  1.16000000e+02 -1.95000000e-05 
 1.17000000e+02  3.71008400e-08  1.17000000e+02  4.01760360e-01  1.17000000e+02 -1.95000000e-05 
 1.18000000e+02  3.71008400e-08  1.18000000e+02  4.01760360e-01  1.18000000e+02 -1.95000000e-05 
 1.19000000e+02  3.71008400e-08  1.19000000e+02  4.01760360e-01  1.19000000e+02 -1.95000000e-05 
 1.20000000e+02  3.71008400e-08  1.20000000e+02  4.01760360e-01  1.20000000e+02 -1.95000000e-05 
 1.21000000e+02  3.71008400e-08  1.21000000e+02  4.01760360e-01  1.21000000e+02 -1.95000000e-05 
 1.22000000e+02  3.71008400e-08  1.22000000e+02  4.01760360e-01  1.22000000e+02 -1.95000000e-05 
 1.23000000e+02  3.71008400e-08  1.23000000e+02  4.01760360e-01  1.23000000e+02 -1.95000000e-05 
 1.24000000e+02  3.71008400e-08  1.24000000e+02  4.01760360e-01  1.24000000e+02 -1.95000000e-05 
 1.25000000e+02  3.71008400e-08  1.25000000e+02  4.01760360e-01  1.25000000e+02 -1.95000000e-05 
